9 0.116013 0.25 0.0424837 0.010101 0.444427
4 0.226307 0.442551 0.26634 0.00883838 0.535062
3 0.120098 0.363005 0.0539216 0.0113636 0.620691
7 0.134804 0.304924 0.0800654 0.00883838 0.641451
4 0.303922 0.975379 0.526144 0.00883838 0.686801
9 0.140523 0.277146 0.0947712 0.0214646 0.688172
5 0.102124 0.0612374 0.0996732 0.00883838 0.701674
0 0.151961 0.229167 0.120915 0.00883838 0.702141
5 0.0710784 0.0246212 0.0539216 0.00883838 0.714338
7 0.263889 0.0890151 0.341503 0.0113636 0.735673
4 0.941176 0.97601 0.0294118 0.010101 0.807837
3 0.165033 0.403409 0.143791 0.0214646 0.824324
3 0.164216 0.380682 0.145425 0.0214646 0.828152
5 0.551471 0.0246212 0.0506536 0.00883838 0.828917
3 0.156046 0.333333 0.119281 0.0429293 0.831664
7 0.446895 0.116162 0.377451 0.010101 0.871699
9 0.584967 0.315025 0.650327 0.112374 0.970558
9 0.58415 0.189394 0.651961 0.113636 0.973881
