9 0.257353 0.0890151 0.325163 0.0113636 0.384585
7 0.25817 0.0890151 0.323529 0.0113636 0.408916
9 0.222222 0.582071 0.264706 0.010101 0.470263
9 0.213235 0.561237 0.240196 0.00883838 0.659553
5 0.551471 0.0252525 0.0506536 0.010101 0.725541
4 0.304739 0.975379 0.527778 0.00883838 0.73614
5 0.0710784 0.0246212 0.0539216 0.00883838 0.743096
4 0.941993 0.975379 0.0310458 0.0113636 0.780656
5 0.102941 0.0612374 0.101307 0.00883838 0.834794
7 0.468137 0.116162 0.753268 0.0126263 0.890808
9 0.5 0.293561 0.813725 0.0340909 0.947099
9 0.502451 0.254419 0.815359 0.0340909 0.951232
8 0.498366 0.4375 0.803922 0.238636 0.959619
9 0.501634 0.179924 0.823529 0.102273 0.968582
