7 0.227124 0.621212 0.267974 0.010101 0.64225
4 0.941993 0.97601 0.0310458 0.010101 0.735813
4 0.304739 0.975379 0.527778 0.00883838 0.760306
5 0.0710784 0.0246212 0.0539216 0.00883838 0.783871
7 0.253268 0.0896465 0.320261 0.010101 0.818948
5 0.550654 0.0246212 0.0522876 0.00883838 0.834309
5 0.102941 0.0612374 0.101307 0.00883838 0.861488
9 0.5 0.592803 0.813725 0.0214646 0.933438
9 0.502451 0.474747 0.821895 0.0555556 0.947219
9 0.5 0.298611 0.816993 0.0315657 0.947308
9 0.501634 0.343434 0.813725 0.0429293 0.955341
9 0.503268 0.542929 0.823529 0.0681818 0.957319
9 0.502451 0.405934 0.818627 0.0669192 0.961
9 0.503268 0.156566 0.816993 0.0909091 0.962695
9 0.501634 0.242424 0.816993 0.0681818 0.965688
