3 0.505719 0.597222 0.818627 0.0227273 0.332939
7 0.20098 0.333965 0.20915 0.00883838 0.341743
9 0.501634 0.597222 0.823529 0.0227273 0.378422
9 0.331699 0.579545 0.464052 0.010101 0.401522
3 0.503268 0.625631 0.823529 0.0340909 0.424821
9 0.505719 0.626263 0.818627 0.0328283 0.492199
9 0.397876 0.64899 0.616013 0.010101 0.585202
7 0.227124 0.670455 0.27451 0.010101 0.674772
4 0.304739 0.974747 0.527778 0.010101 0.743568
7 0.304739 0.0896465 0.416667 0.010101 0.771528
4 0.941993 0.975379 0.0310458 0.0113636 0.775453
5 0.0710784 0.0246212 0.0539216 0.00883838 0.782993
5 0.102941 0.0612374 0.101307 0.00883838 0.836548
5 0.551471 0.0246212 0.0506536 0.00883838 0.841859
6 0.495098 0.474116 0.660131 0.180556 0.909408
9 0.5 0.350379 0.810458 0.0441919 0.93338
9 0.504085 0.168561 0.818627 0.114899 0.954747
9 0.504902 0.276515 0.823529 0.0909091 0.95641
