7 0.226307 0.616793 0.269608 0.0113636 0.659683
4 0.304739 0.974747 0.527778 0.010101 0.762924
4 0.941993 0.97601 0.0310458 0.010101 0.789192
5 0.0710784 0.0239899 0.0539216 0.010101 0.791069
7 0.253268 0.0890151 0.320261 0.0113636 0.796683
5 0.551471 0.0246212 0.0539216 0.0113636 0.834392
5 0.102941 0.0612374 0.101307 0.00883838 0.840805
7 0.164216 0.543561 0.142157 0.0138889 0.853433
3 0.439542 0.157197 0.699346 0.0113636 0.878858
7 0.306373 0.306187 0.429739 0.0113636 0.900002
3 0.501634 0.25 0.816993 0.0227273 0.932252
3 0.503268 0.126894 0.816993 0.0340909 0.941484
3 0.500817 0.279672 0.815359 0.0239899 0.942457
3 0.503268 0.214646 0.820261 0.0353535 0.942646
3 0.500817 0.180556 0.821895 0.0227273 0.947223
9 0.502451 0.578283 0.818627 0.0454545 0.947428
9 0.501634 0.429924 0.820261 0.0467172 0.959206
9 0.502451 0.491162 0.821895 0.0681818 0.9655
9 0.502451 0.357323 0.821895 0.0808081 0.967396
