5 0.551471 0.0252525 0.0506536 0.010101 0.621487
5 0.0710784 0.0246212 0.0539216 0.0113636 0.68029
7 0.504902 0.181187 0.650327 0.0669192 0.688492
4 0.303922 0.975379 0.526144 0.00883838 0.731523
4 0.945261 0.975379 0.0245098 0.0113636 0.791203
4 0.778595 0.710859 0.263072 0.010101 0.84759
5 0.102941 0.0612374 0.101307 0.00883838 0.857808
7 0.154412 0.659722 0.122549 0.0138889 0.858458
7 0.164216 0.242424 0.142157 0.0151515 0.860583
7 0.235294 0.436869 0.281046 0.0126263 0.897208
9 0.503268 0.68245 0.810458 0.0214646 0.916064
9 0.503268 0.587121 0.823529 0.103535 0.956041
9 0.502451 0.489268 0.818627 0.0795455 0.957023
9 0.503268 0.335859 0.823529 0.161616 0.966312
