0 0.409314 0.438131 0.632353 0.010101 0.369218
7 0.22549 0.713384 0.267974 0.010101 0.4084
7 0.303922 0.0896465 0.418301 0.010101 0.654648
5 0.0710784 0.0246212 0.0539216 0.00883838 0.73513
4 0.303922 0.975379 0.529412 0.00883838 0.745798
5 0.103758 0.0612374 0.0996732 0.00883838 0.792738
4 0.941993 0.97601 0.0310458 0.010101 0.812357
6 0.502451 0.547348 0.370915 0.170455 0.857534
5 0.550654 0.0252525 0.0522876 0.00757576 0.867736
6 0.496732 0.316288 0.660131 0.218434 0.914851
9 0.5 0.667929 0.816993 0.0555556 0.937013
9 0.499183 0.144571 0.815359 0.0669192 0.955152
