9 0.252451 0.268939 0.295752 0.010101 0.318271
9 0.387255 0.330808 0.584967 0.0126263 0.355388
3 0.385621 0.330808 0.581699 0.0126263 0.419019
9 0.507353 0.301136 0.818627 0.0517677 0.569808
3 0.507353 0.300505 0.815359 0.0479798 0.584224
4 0.304739 0.975379 0.527778 0.00883838 0.687146
5 0.0710784 0.0246212 0.0539216 0.00883838 0.728518
5 0.102124 0.0612374 0.0996732 0.00883838 0.746124
4 0.941993 0.97601 0.0310458 0.010101 0.762774
7 0.226307 0.352273 0.272876 0.0126263 0.769621
7 0.267157 0.0890151 0.348039 0.0113636 0.778943
5 0.551471 0.0252525 0.0506536 0.010101 0.815378
9 0.517157 0.1875 0.789216 0.152778 0.917474
