4 0.227124 0.597854 0.264706 0.00883838 0.458495
7 0.227124 0.597854 0.267974 0.00883838 0.545109
7 0.352124 0.0890151 0.514706 0.00883838 0.637245
4 0.304739 0.975379 0.527778 0.00883838 0.731104
5 0.0710784 0.0239899 0.0539216 0.010101 0.767983
4 0.941993 0.97601 0.0310458 0.010101 0.798734
5 0.550654 0.0252525 0.0522876 0.010101 0.810845
7 0.211601 0.147727 0.240196 0.010101 0.869711
5 0.102941 0.0612374 0.101307 0.00883838 0.871921
7 0.138889 0.300505 0.0915033 0.010101 0.875063
9 0.5 0.121843 0.813725 0.0214646 0.922593
9 0.502451 0.380682 0.821895 0.135101 0.954032
9 0.502451 0.518939 0.818627 0.123737 0.964897
9 0.500817 0.222222 0.818627 0.123737 0.966552
