9 0.636438 0.272096 0.161765 0.0113636 0.364974
7 0.154412 0.197601 0.122549 0.0113636 0.418974
6 0.531046 0.406566 0.0522876 0.040404 0.482864
9 0.581699 0.231692 0.147059 0.0113636 0.487926
9 0.719771 0.605429 0.390523 0.0492424 0.494076
7 0.818627 0.107323 0.179739 0.010101 0.508656
6 0.528595 0.483586 0.0441176 0.0328283 0.517846
9 0.154412 0.197601 0.122549 0.0113636 0.524276
9 0.655229 0.246212 0.284314 0.0126263 0.629987
6 0.531863 0.55745 0.0604575 0.0441919 0.631104
9 0.640523 0.293561 0.166667 0.0113636 0.665986
9 0.598856 0.215278 0.181373 0.0113636 0.688435
7 0.571895 0.197601 0.124183 0.0113636 0.690078
9 0.637255 0.282197 0.160131 0.0113636 0.710355
7 0.194444 0.092803 0.202614 0.0265152 0.718188
4 0.304739 0.975379 0.52451 0.00883838 0.727329
5 0.103758 0.0618687 0.0996732 0.010101 0.728727
5 0.0710784 0.0239899 0.0539216 0.010101 0.745097
7 0.623366 0.386995 0.0637255 0.0113636 0.755099
6 0.167484 0.542929 0.151961 0.0353535 0.766535
4 0.945261 0.97601 0.0245098 0.0126263 0.776765
1 0.505719 0.675505 0.818627 0.0227273 0.790631
7 0.61683 0.544192 0.0473856 0.0126263 0.799624
5 0.551471 0.0252525 0.0506536 0.010101 0.827746
7 0.628268 0.471591 0.0702614 0.0113636 0.828284
0 0.151961 0.584596 0.114379 0.0328283 0.836305
9 0.752451 0.583965 0.328431 0.0467172 0.848918
9 0.752451 0.426136 0.321895 0.0467172 0.852627
7 0.503268 0.166035 0.473856 0.0214646 0.861775
9 0.19281 0.51452 0.19281 0.0113636 0.874395
9 0.820261 0.126263 0.166667 0.0429293 0.879078
7 0.576797 0.313763 0.133987 0.0113636 0.912715
9 0.754085 0.50505 0.321895 0.0353535 0.922153
3 0.290033 0.482323 0.393791 0.0227273 0.937858
9 0.710784 0.63005 0.405229 0.0353535 0.942311
3 0.29085 0.388258 0.395425 0.0441919 0.946182
3 0.288399 0.441288 0.393791 0.0441919 0.946589
9 0.710784 0.346591 0.408497 0.0467172 0.949066
3 0.290033 0.301768 0.390523 0.0328283 0.949118
3 0.288399 0.342172 0.397059 0.0328283 0.950418
9 0.291667 0.243056 0.397059 0.0694444 0.954536
