8 0.485294 0.70202 0.604575 0.338384 0.253519
8 0.48366 0.804924 0.591503 0.0593434 0.275447
9 0.490196 0.403409 0.591503 0.0239899 0.304227
5 0.0718954 0.0246212 0.0522876 0.00883838 0.311843
7 0.267157 0.38447 0.148693 0.0113636 0.326539
7 0.501634 0.281566 0.522876 0.010101 0.327958
9 0.503268 0.281566 0.529412 0.010101 0.336612
4 0.551471 0.0252525 0.0506536 0.010101 0.393574
8 0.48366 0.686869 0.598039 0.123737 0.471258
7 0.410131 0.748106 0.437909 0.0113636 0.473955
5 0.303105 0.975379 0.517974 0.00883838 0.516997
4 0.103758 0.0612374 0.0996732 0.00883838 0.61017
7 0.477124 0.358586 0.565359 0.0126263 0.633017
7 0.420752 0.605429 0.462418 0.0113636 0.639078
8 0.496732 0.494318 0.575163 0.175505 0.648015
4 0.941993 0.97601 0.0310458 0.010101 0.7486
7 0.504902 0.166035 0.205882 0.0214646 0.789709
9 0.498366 0.220328 0.588235 0.0618687 0.936925
