3 0.116013 0.590909 0.0490196 0.0151515 0.291674
3 0.118464 0.318182 0.0539216 0.0126263 0.317185
7 0.11683 0.518939 0.0441176 0.010101 0.318038
3 0.118464 0.584596 0.0506536 0.010101 0.376499
3 0.139706 0.596591 0.0898693 0.00883838 0.388874
9 0.115196 0.518939 0.0441176 0.010101 0.393153
3 0.123366 0.574495 0.0637255 0.0176768 0.425414
7 0.131536 0.304924 0.0735294 0.0113636 0.491639
3 0.129085 0.304924 0.0751634 0.0113636 0.546725
7 0.737745 0.0890151 0.341503 0.0113636 0.63554
7 0.132353 0.573232 0.0718954 0.010101 0.671466
0 0.137255 0.228535 0.0849673 0.010101 0.685341
9 0.119281 0.25 0.0490196 0.010101 0.690955
0 0.147059 0.496843 0.107843 0.00883838 0.726222
4 0.304739 0.975379 0.52451 0.00883838 0.72816
5 0.0710784 0.0239899 0.0539216 0.010101 0.730613
4 0.775327 0.653409 0.26634 0.00883838 0.747973
9 0.140523 0.545455 0.0947712 0.020202 0.760227
4 0.941176 0.97601 0.0326797 0.010101 0.767806
9 0.153595 0.277778 0.120915 0.0227273 0.804852
5 0.104575 0.0612374 0.101307 0.00883838 0.806829
3 0.163399 0.344697 0.143791 0.0227273 0.841208
7 0.488562 0.38447 0.460784 0.00883838 0.841398
3 0.143791 0.619318 0.101307 0.0340909 0.853763
5 0.551471 0.0246212 0.0506536 0.00883838 0.854878
7 0.479575 0.116162 0.439542 0.010101 0.888411
9 0.58415 0.303662 0.651961 0.0669192 0.960271
9 0.584967 0.440025 0.653595 0.0795455 0.966174
9 0.584967 0.543561 0.653595 0.102273 0.967444
9 0.585784 0.195076 0.651961 0.125 0.967938
