4 0.303922 0.974747 0.526144 0.010101 0.702416
3 0.229575 0.479798 0.256536 0.010101 0.713011
5 0.0710784 0.0239899 0.0539216 0.010101 0.777612
7 0.303922 0.0896465 0.418301 0.010101 0.782835
3 0.227124 0.335227 0.235294 0.00883838 0.821898
4 0.941993 0.97601 0.0310458 0.010101 0.826803
5 0.102941 0.0612374 0.101307 0.00883838 0.838033
3 0.49183 0.369949 0.764706 0.010101 0.846396
5 0.550654 0.0246212 0.0522876 0.00883838 0.853136
3 0.398693 0.457702 0.584967 0.0113636 0.859746
7 0.248366 0.188763 0.310458 0.0113636 0.885418
3 0.332516 0.316919 0.472222 0.010101 0.888903
3 0.316176 0.352273 0.416667 0.010101 0.895279
3 0.500817 0.292929 0.821895 0.0227273 0.930811
9 0.502451 0.21149 0.818627 0.0214646 0.940601
3 0.506536 0.434343 0.803922 0.0227273 0.947414
3 0.506536 0.399621 0.797386 0.0340909 0.962422
3 0.503268 0.252525 0.816993 0.0454545 0.964572
9 0.502451 0.138889 0.815359 0.0555556 0.970734
