7 0.753268 0.0890151 0.310458 0.0113636 0.567922
4 0.304739 0.975379 0.527778 0.00883838 0.674769
5 0.0710784 0.0239899 0.0539216 0.010101 0.781051
4 0.941993 0.975379 0.0310458 0.0113636 0.781192
4 0.775327 0.519571 0.269608 0.00883838 0.790231
5 0.550654 0.0246212 0.0522876 0.00883838 0.847474
5 0.103758 0.0612374 0.102941 0.00883838 0.879708
3 0.503268 0.342172 0.813725 0.0580808 0.92318
3 0.504902 0.275884 0.820261 0.0694444 0.954038
9 0.517974 0.204545 0.79085 0.0681818 0.957052
9 0.500817 0.439394 0.818627 0.126263 0.963126
9 0.517157 0.138889 0.779412 0.0580808 0.967815
