3 0.214869 0.383207 0.243464 0.0113636 0.26633
10 0.502451 0.113636 0.165033 0.0227273 0.287186
3 0.277778 0.881944 0.287582 0.0113636 0.307691
3 0.190359 0.917929 0.106209 0.0126263 0.339863
10 0.502451 0.193813 0.0964052 0.0113636 0.354598
3 0.510621 0.655303 0.75 0.0227273 0.36296
9 0.501634 0.193813 0.0980392 0.0113636 0.371727
3 0.221405 0.846591 0.171569 0.0113636 0.372772
7 0.501634 0.217803 0.431373 0.0113636 0.394267
9 0.0694444 0.0252525 0.0571895 0.010101 0.400356
9 0.438726 0.266414 0.227124 0.010101 0.407063
9 0.494281 0.245581 0.191176 0.0113636 0.431834
9 0.502451 0.486111 0.305556 0.00757576 0.493949
9 0.103758 0.0795455 0.102941 0.010101 0.495211
7 0.500817 0.421086 0.285948 0.0138889 0.532011
9 0.500817 0.231692 0.560458 0.0113636 0.591286
9 0.498366 0.245581 0.496732 0.0113636 0.620772
9 0.503268 0.436237 0.205882 0.00883838 0.63675
10 0.503268 0.421086 0.284314 0.0138889 0.655712
9 0.194444 0.0486111 0.281046 0.0113636 0.682208
4 0.304739 0.974747 0.517974 0.010101 0.70717
9 0.502451 0.140152 0.174837 0.0126263 0.724973
10 0.501634 0.118056 0.385621 0.0315657 0.744381
10 0.501634 0.176768 0.183007 0.0176768 0.769798
3 0.494281 0.820707 0.805556 0.0227273 0.775157
4 0.945261 0.97601 0.0212418 0.010101 0.882097
