3 0.304739 0.974747 0.511438 0.010101 0.262754
3 0.284314 0.64899 0.228758 0.0126263 0.300971
9 0.283497 0.76452 0.240196 0.0138889 0.325198
9 0.283497 0.667298 0.23366 0.0138889 0.329556
3 0.285131 0.688131 0.230392 0.0126263 0.349197
3 0.284314 0.667929 0.228758 0.0126263 0.365301
7 0.103758 0.0618687 0.102941 0.010101 0.393696
9 0.283497 0.6875 0.23366 0.0138889 0.447275
3 0.138889 0.0890151 0.0849673 0.0113636 0.486109
8 0.267974 0.472854 0.441176 0.943182 0.52237
7 0.0694444 0.0252525 0.0539216 0.010101 0.522753
9 0.28268 0.744318 0.238562 0.0138889 0.58879
3 0.279412 0.763889 0.232026 0.0126263 0.59357
4 0.304739 0.974747 0.517974 0.010101 0.630481
9 0.281863 0.706439 0.23366 0.0138889 0.658498
4 0.941176 0.97601 0.0294118 0.010101 0.678256
9 0.28268 0.725379 0.235294 0.0138889 0.708326
3 0.281046 0.898359 0.0849673 0.0113636 0.793291
5 0.551471 0.0252525 0.0506536 0.010101 0.840012
3 0.279412 0.918561 0.222222 0.0113636 0.848285
3 0.312909 0.879419 0.155229 0.0138889 0.848767
3 0.269608 0.78346 0.20915 0.0138889 0.850112
3 0.45915 0.859848 0.437909 0.0126263 0.853621
3 0.269608 0.802399 0.212418 0.0138889 0.868662
3 0.538399 0.955808 0.576797 0.0126263 0.87355
3 0.265523 0.842172 0.197712 0.0126263 0.876777
3 0.270425 0.821338 0.207516 0.0138889 0.889989
3 0.433007 0.936869 0.382353 0.0126263 0.896232
