3 0.500817 0.432449 0.818627 0.0214646 0.468343
9 0.5 0.431818 0.813725 0.020202 0.477757
9 0.332516 0.560606 0.478758 0.010101 0.558885
3 0.502451 0.579545 0.808824 0.0227273 0.638257
3 0.500817 0.606061 0.808824 0.0227273 0.673593
4 0.941176 0.975379 0.0294118 0.0113636 0.71188
5 0.0710784 0.0246212 0.0539216 0.00883838 0.732739
3 0.502451 0.534091 0.818627 0.0555556 0.743513
4 0.304739 0.975379 0.527778 0.00883838 0.749466
7 0.754085 0.0890151 0.308824 0.00883838 0.78494
5 0.103758 0.0612374 0.102941 0.00883838 0.81206
3 0.502451 0.474747 0.821895 0.0580808 0.839243
5 0.550654 0.0252525 0.0522876 0.00757576 0.845325
3 0.503268 0.642677 0.816993 0.0454545 0.861769
4 0.776144 0.681818 0.271242 0.010101 0.869946
8 0.505719 0.257576 0.834967 0.313131 0.937469
