7 0.66585 0.0883838 0.49183 0.0126263 0.251024
7 0.505719 0.157197 0.818627 0.0593434 0.370049
5 0.66585 0.0890151 0.49183 0.0113636 0.413733
4 0.304739 0.975379 0.527778 0.00883838 0.678497
4 0.941993 0.97601 0.0310458 0.010101 0.772632
5 0.0710784 0.0239899 0.0539216 0.010101 0.789411
5 0.551471 0.0246212 0.0506536 0.0113636 0.841146
7 0.502451 0.116162 0.380719 0.0126263 0.875516
4 0.776144 0.609848 0.267974 0.010101 0.878766
5 0.103758 0.0612374 0.102941 0.00883838 0.895094
9 0.512255 0.51452 0.805556 0.0214646 0.926211
9 0.501634 0.486742 0.820261 0.0214646 0.933395
9 0.515523 0.581439 0.792484 0.0239899 0.938515
9 0.517974 0.54798 0.787582 0.0328283 0.940815
9 0.502451 0.453283 0.821895 0.0328283 0.941997
9 0.505719 0.402146 0.818627 0.0568182 0.955502
9 0.502451 0.340278 0.818627 0.0568182 0.956285
9 0.504085 0.156566 0.815359 0.0580808 0.960036
9 0.505719 0.248737 0.825163 0.113636 0.963859
