9 0.502451 0.301136 0.821895 0.0214646 0.477053
9 0.500817 0.236111 0.818627 0.0227273 0.699352
7 0.651144 0.0890151 0.521242 0.0113636 0.719747
4 0.304739 0.975379 0.52451 0.00883838 0.747552
4 0.941176 0.97601 0.0326797 0.010101 0.76002
5 0.0710784 0.0239899 0.0539216 0.010101 0.779443
3 0.362745 0.342803 0.539216 0.00883838 0.786825
3 0.500817 0.236742 0.818627 0.0214646 0.786977
5 0.550654 0.0252525 0.0522876 0.010101 0.840674
7 0.270425 0.50505 0.354575 0.010101 0.878987
3 0.346405 0.260101 0.503268 0.010101 0.882813
9 0.504085 0.364899 0.818627 0.0227273 0.888132
3 0.309641 0.325126 0.436274 0.00883838 0.889494
4 0.775327 0.647096 0.26634 0.00883838 0.889817
3 0.271242 0.277778 0.356209 0.010101 0.892231
5 0.103758 0.0612374 0.102941 0.00883838 0.893791
3 0.502451 0.301768 0.821895 0.0227273 0.896384
9 0.502451 0.472854 0.818627 0.0315657 0.943628
9 0.502451 0.195707 0.821895 0.0454545 0.958156
9 0.503268 0.415404 0.820261 0.0681818 0.964728
9 0.504902 0.572601 0.823529 0.112374 0.966261
9 0.502451 0.138258 0.818627 0.0568182 0.970356
