8 0.495915 0.0883838 0.821895 0.0176768 0.3082
8 0.487745 0.0643939 0.857843 0.0656566 0.477088
9 0.500817 0.366793 0.818627 0.0795455 0.514879
5 0.550654 0.0252525 0.0522876 0.010101 0.573291
4 0.303922 0.975379 0.526144 0.00883838 0.664716
7 0.696895 0.0890151 0.426471 0.00883838 0.738454
3 0.502451 0.436237 0.815359 0.0441919 0.755911
5 0.0710784 0.0246212 0.0539216 0.00883838 0.758517
3 0.500817 0.366793 0.825163 0.0795455 0.765368
4 0.941993 0.97601 0.0310458 0.010101 0.798581
4 0.776144 0.566288 0.271242 0.00883838 0.844154
5 0.104575 0.0612374 0.101307 0.00883838 0.879527
9 0.5 0.308081 0.816993 0.0227273 0.896931
9 0.501634 0.482323 0.816993 0.0328283 0.932913
8 0.5 0.238005 0.813725 0.0997475 0.939998
9 0.500817 0.527146 0.818627 0.0467172 0.958223
9 0.5 0.144571 0.80719 0.0669192 0.96186
