7 0.336601 0.0890151 0.480392 0.00883838 0.591754
4 0.303922 0.975379 0.526144 0.00883838 0.717632
7 0.226307 0.59596 0.26634 0.010101 0.739636
5 0.0710784 0.0239899 0.0539216 0.010101 0.771008
5 0.102941 0.0612374 0.101307 0.00883838 0.793691
4 0.941176 0.975379 0.0294118 0.0113636 0.808017
5 0.550654 0.0252525 0.0522876 0.010101 0.832637
9 0.518791 0.14899 0.785948 0.020202 0.876541
9 0.513889 0.121212 0.792484 0.020202 0.902868
9 0.502451 0.522727 0.818627 0.0328283 0.935737
9 0.502451 0.561869 0.815359 0.0328283 0.943672
9 0.502451 0.444444 0.821895 0.0328283 0.944959
9 0.502451 0.483586 0.815359 0.0328283 0.946591
9 0.501634 0.239268 0.813725 0.0441919 0.948457
9 0.500817 0.188763 0.815359 0.0441919 0.951159
9 0.502451 0.39899 0.821895 0.0454545 0.961456
9 0.504085 0.318813 0.821895 0.102273 0.96311
