8 0.39134 0.42803 0.482026 0.0681818 0.26696
9 0.353758 0.400884 0.403595 0.0113636 0.267048
7 0.381536 0.521465 0.511438 0.0126263 0.301177
9 0.485294 0.427399 0.261438 0.00883838 0.305512
9 0.721405 0.221591 0.0179739 0.0164141 0.307055
5 0.500817 0.0890151 0.210784 0.0113636 0.330296
6 0.667484 0.330177 0.0212418 0.0164141 0.353406
6 0.333333 0.328914 0.0228758 0.0164141 0.35838
9 0.0718954 0.0246212 0.0522876 0.00883838 0.379755
9 0.5 0.0890151 0.212418 0.0113636 0.383098
10 0.498366 0.332071 0.251634 0.0126263 0.385796
9 0.293301 0.138889 0.174837 0.0454545 0.39332
9 0.505719 0.460227 0.341503 0.00883838 0.40639
9 0.103758 0.0618687 0.102941 0.010101 0.454081
7 0.498366 0.48548 0.526144 0.0113636 0.472564
9 0.498366 0.349116 0.27451 0.0113636 0.502978
4 0.303105 0.975379 0.521242 0.00883838 0.660573
9 0.854575 0.521465 0.0392157 0.010101 0.661521
7 0.504085 0.554293 0.495098 0.0227273 0.667802
9 0.147059 0.520833 0.0424837 0.0113636 0.672861
9 0.205882 0.400884 0.0947712 0.0113636 0.763029
5 0.550654 0.0246212 0.0522876 0.00883838 0.766756
7 0.500817 0.522096 0.243464 0.0113636 0.793476
9 0.498366 0.374369 0.751634 0.0214646 0.832592
7 0.500817 0.890152 0.76634 0.0227273 0.839439
4 0.941176 0.97601 0.0294118 0.010101 0.853632
9 0.758987 0.825758 0.272876 0.0707071 0.898125
9 0.503268 0.605429 0.767974 0.0593434 0.927839
9 0.496732 0.674874 0.74183 0.0593434 0.931298
