4 0.226307 0.597854 0.269608 0.00883838 0.720836
4 0.304739 0.975379 0.527778 0.00883838 0.72617
7 0.25 0.0890151 0.303922 0.0113636 0.760905
4 0.941176 0.975379 0.0294118 0.0113636 0.784926
5 0.0710784 0.0239899 0.0539216 0.010101 0.785301
5 0.551471 0.0246212 0.0506536 0.00883838 0.82797
5 0.102941 0.0612374 0.101307 0.00883838 0.835848
3 0.501634 0.251263 0.816993 0.0454545 0.88904
9 0.518791 0.440657 0.785948 0.0909091 0.944381
3 0.502451 0.334596 0.825163 0.113636 0.946354
3 0.500817 0.167298 0.825163 0.114899 0.946673
9 0.517974 0.535985 0.794118 0.0921717 0.951264
