3 0.507353 0.13447 0.808824 0.0492424 0.367739
3 0.43219 0.267677 0.635621 0.010101 0.376399
5 0.744281 0.0883838 0.328431 0.0126263 0.50439
7 0.745098 0.0883838 0.326797 0.0126263 0.522627
4 0.304739 0.975379 0.527778 0.00883838 0.681677
5 0.0710784 0.0239899 0.0539216 0.010101 0.726911
4 0.941176 0.975379 0.0294118 0.0113636 0.787523
3 0.321078 0.164773 0.455882 0.0113636 0.793478
3 0.321895 0.203914 0.457516 0.0113636 0.801873
3 0.313726 0.217803 0.441176 0.0113636 0.813357
4 0.778595 0.385101 0.259804 0.010101 0.826513
3 0.504085 0.28346 0.818627 0.0265152 0.834363
5 0.103758 0.0612374 0.102941 0.00883838 0.849205
5 0.550654 0.0246212 0.0522876 0.00883838 0.85679
9 0.517974 0.133838 0.787582 0.0454545 0.893704
3 0.505719 0.345328 0.821895 0.0467172 0.901824
3 0.501634 0.183712 0.816993 0.0239899 0.908825
3 0.504085 0.308712 0.815359 0.0239899 0.916248
3 0.504085 0.242424 0.818627 0.0353535 0.932012
