3 0.118464 0.318182 0.0539216 0.0126263 0.384609
9 0.11683 0.249369 0.0441176 0.0113636 0.495363
3 0.126634 0.304293 0.0669935 0.0126263 0.563219
5 0.102124 0.0612374 0.0996732 0.00883838 0.632939
4 0.304739 0.975379 0.52451 0.00883838 0.660327
7 0.132353 0.304924 0.0751634 0.0113636 0.669105
5 0.0710784 0.0239899 0.0539216 0.010101 0.684811
0 0.156046 0.228535 0.125817 0.010101 0.694464
7 0.263889 0.0890151 0.341503 0.0113636 0.735202
3 0.144608 0.35101 0.102941 0.0353535 0.776682
9 0.140523 0.277146 0.0947712 0.0214646 0.77701
4 0.226307 0.395833 0.269608 0.00883838 0.78528
4 0.941176 0.975379 0.0294118 0.0113636 0.811272
5 0.551471 0.0246212 0.0506536 0.00883838 0.821297
7 0.454248 0.116162 0.392157 0.010101 0.873629
9 0.584967 0.291667 0.650327 0.0681818 0.963632
9 0.584967 0.189394 0.650327 0.113636 0.970704
