3 0.5 0.382576 0.810458 0.020202 0.51968
9 0.501634 0.382576 0.826797 0.0227273 0.634603
5 0.747549 0.0890151 0.325163 0.0113636 0.644263
4 0.941176 0.97601 0.0326797 0.010101 0.693081
4 0.304739 0.975379 0.52451 0.00883838 0.747579
5 0.0710784 0.0239899 0.0539216 0.010101 0.763445
4 0.776144 0.631944 0.271242 0.00883838 0.84612
3 0.426471 0.34154 0.666667 0.00883838 0.857737
9 0.500817 0.17803 0.165033 0.0555556 0.86845
3 0.375 0.275884 0.560458 0.00883838 0.879746
3 0.49183 0.294192 0.80719 0.010101 0.88132
5 0.550654 0.0246212 0.0522876 0.00883838 0.881531
3 0.263889 0.25947 0.341503 0.00883838 0.886778
5 0.103758 0.0612374 0.102941 0.00883838 0.89227
3 0.300654 0.359217 0.418301 0.00883838 0.896974
9 0.504085 0.229798 0.825163 0.0328283 0.913311
3 0.499183 0.317551 0.802288 0.0214646 0.92284
9 0.501634 0.410354 0.823529 0.020202 0.949601
9 0.5 0.126894 0.816993 0.0315657 0.957947
9 0.502451 0.570076 0.825163 0.0896465 0.969723
9 0.503268 0.472222 0.826797 0.0909091 0.971498
