3 0.138889 0.0871212 0.0882353 0.010101 0.345191
7 0.0694444 0.0246212 0.0539216 0.0113636 0.53499
3 0.324346 0.0675505 0.315359 0.0113636 0.593007
3 0.254902 0.0486111 0.179739 0.0113636 0.599732
4 0.304739 0.975379 0.527778 0.00883838 0.667701
5 0.551471 0.0246212 0.0539216 0.0113636 0.671189
4 0.941176 0.975379 0.0326797 0.0113636 0.678264
3 0.268791 0.125631 0.204248 0.0113636 0.709953
3 0.253268 0.145202 0.173203 0.010101 0.725891
3 0.258987 0.106692 0.178105 0.0113636 0.741178
3 0.323529 0.164141 0.313726 0.010101 0.807799
