9 0.5 0.372475 0.813725 0.0732323 0.35215
4 0.226307 0.599747 0.26634 0.010101 0.449379
7 0.226307 0.599747 0.26634 0.010101 0.607946
7 0.498366 0.164773 0.261438 0.00883838 0.661312
4 0.304739 0.975379 0.527778 0.00883838 0.736413
5 0.0710784 0.0239899 0.0539216 0.010101 0.771787
4 0.941176 0.975379 0.0294118 0.0113636 0.772198
5 0.550654 0.0252525 0.0522876 0.010101 0.800447
7 0.248366 0.0890151 0.303922 0.00883838 0.812139
3 0.504085 0.314394 0.815359 0.0681818 0.844837
3 0.503268 0.378788 0.816993 0.0555556 0.847486
5 0.102941 0.0612374 0.101307 0.00883838 0.889807
3 0.502451 0.496843 0.818627 0.17298 0.916768
8 0.501634 0.223485 0.813725 0.111111 0.927129
9 0.499183 0.127525 0.812092 0.030303 0.958165
