9 0.502451 0.227273 0.756536 0.0782828 0.305906
5 0.102941 0.0612374 0.101307 0.00883838 0.388741
4 0.304739 0.975379 0.527778 0.00883838 0.601619
5 0.0710784 0.0246212 0.0539216 0.00883838 0.651047
5 0.503268 0.11553 0.0882353 0.0113636 0.721527
5 0.551471 0.0246212 0.0506536 0.00883838 0.741581
9 0.253268 0.3125 0.25817 0.0113636 0.796871
7 0.193627 0.0934343 0.204248 0.0252525 0.8061
9 0.433007 0.34154 0.0588235 0.0113636 0.83958
4 0.945261 0.97601 0.0245098 0.010101 0.846595
6 0.215686 0.440657 0.199346 0.20202 0.868868
6 0.484477 0.370581 0.194444 0.0315657 0.873987
7 0.203431 0.136364 0.155229 0.010101 0.878089
0 0.484477 0.409091 0.168301 0.0328283 0.929374
9 0.503268 0.181187 0.754902 0.0669192 0.951654
9 0.504902 0.260732 0.754902 0.0795455 0.95798
