7 0.495915 0.15404 0.580065 0.010101 0.260609
7 0.498366 0.153409 0.27451 0.00883838 0.467628
9 0.505719 0.535354 0.818627 0.0328283 0.498225
3 0.501634 0.535354 0.813725 0.0328283 0.569402
7 0.501634 0.363005 0.111111 0.00883838 0.617695
9 0.498366 0.291667 0.816993 0.0429293 0.685063
7 0.25 0.0890151 0.303922 0.00883838 0.750836
4 0.303922 0.975379 0.529412 0.00883838 0.772568
5 0.0710784 0.0239899 0.0539216 0.010101 0.773974
4 0.941176 0.975379 0.0294118 0.0113636 0.775658
7 0.226307 0.640152 0.269608 0.010101 0.777183
5 0.550654 0.0252525 0.0522876 0.00757576 0.8325
9 0.514706 0.589646 0.797386 0.0681818 0.87409
5 0.102941 0.0612374 0.101307 0.00883838 0.886252
9 0.499183 0.331439 0.805556 0.0214646 0.915911
8 0.499183 0.440025 0.805556 0.155303 0.926787
9 0.5 0.121843 0.810458 0.0214646 0.936643
8 0.496732 0.214646 0.823529 0.106061 0.938548
