6 0.492647 0.203283 0.338235 0.030303 0.301233
5 0.551471 0.0252525 0.0506536 0.010101 0.345739
4 0.103758 0.0618687 0.0996732 0.010101 0.48671
6 0.338235 0.19697 0.0294118 0.0227273 0.488266
5 0.304739 0.975379 0.521242 0.00883838 0.558684
9 0.504902 0.165404 0.620915 0.0126263 0.648936
9 0.398693 0.342172 0.222222 0.0126263 0.723693
4 0.941993 0.975379 0.0310458 0.0113636 0.780766
9 0.479575 0.253788 0.570261 0.0252525 0.914336
9 0.490196 0.395202 0.601307 0.0378788 0.923211
9 0.495915 0.301768 0.599673 0.040404 0.924291
