9 0.501634 0.157197 0.813725 0.0340909 0.336349
7 0.208333 0.433712 0.223856 0.00883838 0.427658
7 0.226307 0.669192 0.263072 0.010101 0.647852
7 0.304739 0.0896465 0.416667 0.010101 0.689621
9 0.502451 0.22096 0.812092 0.0782828 0.720402
4 0.941993 0.97601 0.0310458 0.010101 0.783533
5 0.0710784 0.0239899 0.0539216 0.010101 0.784812
4 0.303922 0.975379 0.526144 0.00883838 0.806425
5 0.550654 0.0246212 0.0522876 0.00883838 0.852734
5 0.102941 0.0612374 0.101307 0.00883838 0.87276
3 0.499183 0.156566 0.815359 0.0328283 0.885003
8 0.504085 0.404672 0.818627 0.0492424 0.892656
3 0.501634 0.221591 0.813725 0.0795455 0.920934
9 0.5 0.121843 0.80719 0.0214646 0.937822
8 0.504085 0.577652 0.815359 0.150253 0.947358
9 0.500817 0.46654 0.815359 0.0441919 0.95835
9 0.500817 0.318182 0.815359 0.10101 0.970447
