7 0.792484 0.0890151 0.238562 0.0113636 0.3618
9 0.496732 0.325126 0.80719 0.0113636 0.383915
5 0.79085 0.0890151 0.235294 0.0113636 0.531988
3 0.49183 0.326389 0.803922 0.0113636 0.557603
4 0.303922 0.975379 0.526144 0.00883838 0.660606
5 0.0710784 0.0246212 0.0539216 0.00883838 0.7533
4 0.941993 0.975379 0.0310458 0.0113636 0.794587
3 0.507353 0.150253 0.808824 0.0227273 0.808601
5 0.550654 0.0246212 0.0522876 0.0113636 0.822943
5 0.103758 0.0612374 0.102941 0.00883838 0.82429
3 0.454248 0.174874 0.715686 0.0113636 0.824964
3 0.449346 0.255682 0.683007 0.0113636 0.841778
9 0.506536 0.36553 0.816993 0.0568182 0.90096
4 0.776144 0.410985 0.271242 0.00883838 0.909372
9 0.508987 0.121212 0.802288 0.0227273 0.912603
3 0.504902 0.290404 0.820261 0.0454545 0.939542
3 0.510621 0.214646 0.79902 0.0555556 0.961438
