6 0.148693 0.310606 0.0392157 0.0378788 0.500266
5 0.757353 0.0890151 0.29902 0.0113636 0.539706
4 0.304739 0.975379 0.527778 0.00883838 0.663246
7 0.419935 0.308081 0.477124 0.010101 0.682394
5 0.0710784 0.0239899 0.0539216 0.010101 0.748821
4 0.941176 0.975379 0.0326797 0.0113636 0.77288
5 0.550654 0.0246212 0.0522876 0.00883838 0.820432
5 0.103758 0.0612374 0.102941 0.00883838 0.854243
4 0.775327 0.342172 0.26634 0.010101 0.891612
9 0.504085 0.270202 0.812092 0.0227273 0.930556
9 0.501634 0.127525 0.810458 0.0328283 0.955161
9 0.504085 0.201389 0.818627 0.102273 0.9682
