9 0.425654 0.144571 0.651961 0.00883838 0.381349
4 0.941993 0.97601 0.0310458 0.010101 0.438753
3 0.418301 0.144571 0.643791 0.00883838 0.441661
9 0.506536 0.260732 0.826797 0.0214646 0.468858
5 0.941176 0.97601 0.0294118 0.010101 0.48108
9 0.501634 0.184975 0.820261 0.0214646 0.520458
4 0.303922 0.975379 0.522876 0.00883838 0.560972
3 0.5 0.260732 0.80719 0.0214646 0.667841
3 0.501634 0.214646 0.823529 0.0227273 0.705671
5 0.0710784 0.0239899 0.0539216 0.010101 0.774554
4 0.77451 0.859217 0.264706 0.00883838 0.776875
3 0.464052 0.237374 0.74183 0.010101 0.789783
3 0.501634 0.184343 0.816993 0.0227273 0.833856
5 0.550654 0.0252525 0.0522876 0.010101 0.846191
3 0.340686 0.161616 0.49183 0.010101 0.860827
5 0.103758 0.0612374 0.102941 0.00883838 0.902127
9 0.498366 0.121212 0.820261 0.0227273 0.902138
8 0.511438 0.613005 0.787582 0.450758 0.957857
9 0.504085 0.323232 0.815359 0.0909091 0.965756
