4 0.304739 0.975379 0.527778 0.00883838 0.686539
9 0.747549 0.0890151 0.325163 0.0113636 0.704742
5 0.0710784 0.0246212 0.0539216 0.00883838 0.712555
4 0.941176 0.97601 0.0326797 0.010101 0.765807
5 0.550654 0.0246212 0.0522876 0.00883838 0.831515
5 0.103758 0.0612374 0.102941 0.00883838 0.837243
7 0.501634 0.177399 0.25817 0.0113636 0.855891
4 0.776144 0.496212 0.267974 0.010101 0.857943
9 0.5 0.278409 0.330065 0.0795455 0.919663
9 0.504085 0.133207 0.815359 0.0441919 0.928235
9 0.500817 0.21149 0.812092 0.0441919 0.950972
9 0.504085 0.364899 0.818627 0.0782828 0.960892
9 0.501634 0.445076 0.816993 0.0694444 0.96345
