9 0.503268 0.463384 0.816993 0.0227273 0.379896
3 0.5 0.438131 0.816993 0.0227273 0.456824
3 0.507353 0.559975 0.821895 0.0467172 0.479282
9 0.501634 0.438131 0.820261 0.0227273 0.50656
9 0.504085 0.559343 0.825163 0.0454545 0.554088
3 0.502451 0.462753 0.815359 0.0239899 0.608366
4 0.303922 0.975379 0.529412 0.00883838 0.691517
7 0.5 0.153409 0.212418 0.00883838 0.708842
3 0.504085 0.505682 0.815359 0.0568182 0.72746
7 0.25 0.0896465 0.303922 0.010101 0.741745
4 0.941993 0.975379 0.0310458 0.0113636 0.745941
5 0.0710784 0.0239899 0.0539216 0.010101 0.775498
5 0.551471 0.0258838 0.0539216 0.00883838 0.781281
7 0.226307 0.670455 0.269608 0.010101 0.825273
3 0.504085 0.620581 0.818627 0.0694444 0.852468
5 0.102941 0.0612374 0.101307 0.00883838 0.88509
9 0.501634 0.121843 0.813725 0.0214646 0.934277
8 0.522876 0.292929 0.859477 0.262626 0.955104
