9 0.357026 0.518308 0.514706 0.0113636 0.285039
9 0.267157 0.530303 0.312091 0.010101 0.32002
6 0.468954 0.13447 0.77451 0.102273 0.476268
7 0.223039 0.684343 0.26634 0.010101 0.496431
7 0.500817 0.172348 0.602941 0.0164141 0.570401
9 0.503268 0.590909 0.816993 0.103535 0.598405
3 0.503268 0.590278 0.816993 0.102273 0.623974
9 0.506536 0.656566 0.816993 0.0227273 0.660351
5 0.550654 0.0252525 0.0522876 0.010101 0.665969
5 0.0710784 0.0246212 0.0539216 0.00883838 0.686617
5 0.104575 0.0612374 0.101307 0.00883838 0.707353
4 0.941993 0.975379 0.0310458 0.0113636 0.753405
4 0.303922 0.974747 0.529412 0.010101 0.765301
7 0.151961 0.221591 0.117647 0.0113636 0.855936
9 0.500817 0.255682 0.815359 0.0441919 0.937991
8 0.495098 0.410354 0.800654 0.239899 0.960805
