7 0.152778 0.228535 0.116013 0.010101 0.309008
3 0.121732 0.641414 0.0539216 0.010101 0.311996
7 0.11683 0.25 0.0473856 0.010101 0.348743
9 0.11683 0.576389 0.0473856 0.0113636 0.419025
9 0.116013 0.249369 0.0424837 0.0113636 0.431075
3 0.127451 0.633207 0.0718954 0.0164141 0.434778
3 0.125817 0.409091 0.0620915 0.010101 0.463032
3 0.163399 0.395202 0.143791 0.0252525 0.529267
7 0.117647 0.576389 0.0490196 0.0113636 0.544667
7 0.132353 0.631313 0.0784314 0.010101 0.574233
7 0.226307 0.700126 0.269608 0.0113636 0.635696
0 0.151144 0.228535 0.116013 0.010101 0.636848
0 0.160131 0.554924 0.130719 0.00883838 0.675689
4 0.304739 0.975379 0.52451 0.00883838 0.691823
3 0.168301 0.327652 0.147059 0.0315657 0.726227
7 0.136438 0.304293 0.0866013 0.010101 0.753893
5 0.0710784 0.0246212 0.0539216 0.00883838 0.756115
7 0.264706 0.0890151 0.339869 0.0113636 0.757857
4 0.941993 0.97601 0.0310458 0.010101 0.77947
9 0.143791 0.277146 0.101307 0.0214646 0.792634
5 0.102941 0.0612374 0.101307 0.00883838 0.795832
9 0.139706 0.602904 0.0931373 0.0214646 0.816768
5 0.551471 0.0246212 0.0506536 0.00883838 0.843123
3 0.162582 0.671086 0.145425 0.0239899 0.854707
7 0.401144 0.116162 0.279412 0.010101 0.856058
3 0.15768 0.362374 0.129085 0.0353535 0.867045
7 0.53268 0.441919 0.54902 0.010101 0.872395
9 0.584967 0.624369 0.653595 0.102273 0.964419
9 0.586601 0.50947 0.650327 0.102273 0.964785
9 0.584967 0.285985 0.653595 0.125 0.966818
9 0.585784 0.172348 0.651961 0.0795455 0.968658
