6 0.164216 0.655934 0.0408497 0.0290404 0.373395
9 0.226307 0.686869 0.272876 0.010101 0.528982
5 0.551471 0.0252525 0.0506536 0.010101 0.585197
7 0.5 0.181818 0.545752 0.040404 0.683813
5 0.0710784 0.0239899 0.0539216 0.010101 0.750129
4 0.304739 0.975379 0.527778 0.00883838 0.750953
4 0.941993 0.975379 0.0310458 0.0113636 0.754152
9 0.521242 0.64899 0.735294 0.0227273 0.852461
5 0.102941 0.0612374 0.101307 0.00883838 0.862231
9 0.503268 0.614268 0.823529 0.0340909 0.874954
9 0.501634 0.568182 0.826797 0.0454545 0.907274
9 0.506536 0.523359 0.816993 0.0340909 0.912155
9 0.5 0.246843 0.813725 0.0214646 0.913317
9 0.517974 0.381944 0.787582 0.0568182 0.918512
9 0.521242 0.482955 0.784314 0.0340909 0.932225
9 0.519608 0.439394 0.787582 0.0454545 0.941678
9 0.501634 0.280934 0.816993 0.0340909 0.945503
9 0.517157 0.325126 0.789216 0.0467172 0.949534
