6 0.454248 0.145833 0.735294 0.122475 0.427955
7 0.497549 0.184975 0.537582 0.0467172 0.593144
7 0.226307 0.587121 0.269608 0.010101 0.632863
5 0.103758 0.0612374 0.102941 0.00883838 0.635356
5 0.0710784 0.0246212 0.0539216 0.00883838 0.65523
4 0.303922 0.975379 0.526144 0.00883838 0.696631
6 0.155229 0.549874 0.0522876 0.0340909 0.713284
5 0.551471 0.0246212 0.0506536 0.00883838 0.752311
4 0.941176 0.975379 0.0294118 0.0113636 0.777874
9 0.503268 0.348485 0.823529 0.0227273 0.923354
9 0.502451 0.497475 0.828431 0.0479798 0.935407
9 0.530229 0.553662 0.687908 0.0340909 0.935455
9 0.503268 0.286616 0.820261 0.0909091 0.955187
9 0.504085 0.416667 0.825163 0.103535 0.960283
