9 0.120915 0.25 0.0522876 0.010101 0.428286
5 0.103758 0.0612374 0.102941 0.00883838 0.506873
5 0.0702614 0.0246212 0.0522876 0.00883838 0.578313
0 0.137255 0.229167 0.0849673 0.00883838 0.600108
7 0.737745 0.0896465 0.341503 0.010101 0.637844
4 0.303922 0.975379 0.526144 0.00883838 0.653874
5 0.550654 0.0252525 0.0522876 0.00757576 0.802849
4 0.941176 0.975379 0.0294118 0.0113636 0.809132
9 0.14134 0.277778 0.0931373 0.020202 0.811074
4 0.776144 0.447601 0.267974 0.00883838 0.882096
7 0.51634 0.116793 0.513072 0.00883838 0.893826
9 0.58415 0.345328 0.651961 0.147727 0.95891
9 0.58415 0.195707 0.648693 0.123737 0.968163
