4 0.303922 0.974747 0.526144 0.010101 0.675556
7 0.651144 0.0890151 0.514706 0.0113636 0.742367
5 0.0710784 0.0239899 0.0539216 0.010101 0.779753
4 0.941993 0.97601 0.0310458 0.010101 0.808477
5 0.550654 0.0246212 0.0522876 0.00883838 0.823616
4 0.776144 0.587753 0.271242 0.00883838 0.842049
7 0.162582 0.289773 0.138889 0.00883838 0.859815
7 0.160948 0.183081 0.132353 0.010101 0.889795
5 0.103758 0.0612374 0.102941 0.00883838 0.898044
3 0.503268 0.4375 0.823529 0.0214646 0.927601
3 0.502451 0.513258 0.821895 0.0340909 0.956048
3 0.503268 0.554924 0.820261 0.0340909 0.956721
3 0.501634 0.472854 0.823529 0.0340909 0.95683
9 0.502451 0.396465 0.818627 0.0454545 0.959845
9 0.502451 0.334596 0.821895 0.0681818 0.962421
9 0.502451 0.138889 0.812092 0.0580808 0.96598
9 0.502451 0.234217 0.815359 0.0795455 0.966377
