7 0.226307 0.429293 0.269608 0.010101 0.663538
4 0.303922 0.975379 0.526144 0.00883838 0.673102
5 0.0710784 0.0246212 0.0539216 0.00883838 0.750721
7 0.304739 0.0896465 0.416667 0.010101 0.77968
4 0.941993 0.975379 0.0310458 0.0113636 0.804675
5 0.550654 0.0246212 0.0522876 0.00883838 0.806791
5 0.102941 0.0612374 0.101307 0.00883838 0.834503
7 0.272059 0.21149 0.357843 0.0113636 0.87692
9 0.501634 0.150884 0.816993 0.0795455 0.962019
9 0.501634 0.257576 0.813725 0.0681818 0.964045
9 0.503268 0.355429 0.823529 0.112374 0.967794
