7 0.226307 0.655303 0.26634 0.010101 0.626802
9 0.28268 0.263889 0.372549 0.00757576 0.665746
4 0.304739 0.975379 0.527778 0.00883838 0.747307
7 0.303922 0.0896465 0.421569 0.010101 0.760526
4 0.941993 0.975379 0.0310458 0.0113636 0.768793
5 0.0710784 0.0246212 0.0539216 0.00883838 0.781021
7 0.498366 0.171086 0.803922 0.0214646 0.81061
5 0.550654 0.0246212 0.0522876 0.00883838 0.835732
7 0.343954 0.291035 0.495098 0.0113636 0.886436
5 0.102941 0.0612374 0.101307 0.00883838 0.896375
8 0.503268 0.220328 0.80719 0.074495 0.927852
9 0.500817 0.127525 0.808824 0.0328283 0.957741
9 0.500817 0.536616 0.812092 0.0555556 0.963962
9 0.500817 0.605429 0.818627 0.0669192 0.968112
9 0.500817 0.330808 0.812092 0.0555556 0.970535
9 0.500817 0.434343 0.815359 0.136364 0.975785
