3 0.258987 0.743056 0.178105 0.0138889 0.298483
9 0.305556 0.975379 0.526144 0.0113636 0.305851
7 0.502451 0.114268 0.227124 0.0113636 0.342591
3 0.208333 0.255682 0.0800654 0.0113636 0.356607
3 0.25817 0.647096 0.176471 0.0138889 0.357509
3 0.272059 0.761995 0.20098 0.0138889 0.405373
3 0.138072 0.628788 0.0833333 0.0126263 0.426929
3 0.321895 0.416035 0.323529 0.0113636 0.439247
3 0.308007 0.975379 0.511438 0.0113636 0.442154
3 0.136438 0.531566 0.0833333 0.0126263 0.444185
3 0.324346 0.801136 0.305556 0.0113636 0.451238
3 0.321078 0.511995 0.328431 0.0113636 0.458037
3 0.253268 0.684975 0.173203 0.0113636 0.46521
3 0.138072 0.435606 0.0833333 0.0126263 0.467215
3 0.270425 0.666035 0.204248 0.0138889 0.491484
3 0.256536 0.782828 0.179739 0.0126263 0.495581
3 0.256536 0.589646 0.179739 0.0126263 0.506995
7 0.504085 0.0890151 0.55719 0.0113636 0.516239
3 0.137255 0.820076 0.0849673 0.0113636 0.567507
3 0.256536 0.549874 0.179739 0.0138889 0.57559
3 0.271242 0.570076 0.202614 0.0138889 0.606638
3 0.258987 0.453914 0.174837 0.0138889 0.640806
3 0.25817 0.839015 0.176471 0.0138889 0.641347
3 0.271242 0.472854 0.199346 0.0113636 0.666301
3 0.254902 0.493056 0.183007 0.0113636 0.673559
3 0.463235 0.236742 0.593137 0.0113636 0.673583
3 0.256536 0.395833 0.179739 0.0113636 0.694364
3 0.135621 0.917298 0.0849673 0.0113636 0.696466
5 0.0710784 0.0246212 0.0539216 0.0113636 0.698815
3 0.323529 0.897096 0.316993 0.0113636 0.736107
5 0.102941 0.0612374 0.101307 0.00883838 0.761946
3 0.29085 0.178662 0.251634 0.0113636 0.768949
3 0.25817 0.936237 0.179739 0.0113636 0.770269
3 0.276144 0.217172 0.222222 0.0126263 0.773154
4 0.941993 0.97601 0.0310458 0.010101 0.777519
3 0.295752 0.197601 0.254902 0.0113636 0.789818
3 0.269608 0.955177 0.212418 0.0113636 0.791154
3 0.270425 0.858586 0.20098 0.0126263 0.79563
3 0.214052 0.140783 0.235294 0.0113636 0.797194
3 0.138072 0.337753 0.0866013 0.0113636 0.797217
5 0.551471 0.0246212 0.0539216 0.0113636 0.797383
3 0.252451 0.878157 0.174837 0.0113636 0.799433
3 0.300654 0.274621 0.411765 0.0113636 0.80182
3 0.257353 0.357323 0.178105 0.0126263 0.806075
3 0.267974 0.376894 0.202614 0.0113636 0.811796
3 0.281046 0.159722 0.382353 0.0113636 0.871743
3 0.501634 0.306187 0.833333 0.0340909 0.871869
