9 0.509804 0.193813 0.70915 0.0568182 0.319298
9 0.290033 0.551136 0.397059 0.0315657 0.645019
9 0.501634 0.708965 0.316993 0.0138889 0.665229
5 0.0710784 0.0246212 0.0539216 0.00883838 0.708762
7 0.506536 0.193182 0.696078 0.0631313 0.737047
4 0.304739 0.975379 0.527778 0.00883838 0.74162
5 0.551471 0.0252525 0.0506536 0.010101 0.768604
4 0.941993 0.975379 0.0310458 0.0113636 0.774777
5 0.104575 0.0612374 0.101307 0.00883838 0.799043
9 0.502451 0.268308 0.838235 0.0239899 0.861821
4 0.776961 0.732955 0.269608 0.00883838 0.884744
7 0.502451 0.300505 0.334967 0.0126263 0.898292
9 0.504085 0.584596 0.815359 0.020202 0.91302
9 0.502451 0.664141 0.818627 0.0227273 0.923822
9 0.502451 0.385732 0.821895 0.0214646 0.929272
9 0.502451 0.510732 0.821895 0.0340909 0.933805
9 0.502451 0.419823 0.821895 0.0340909 0.943052
9 0.502451 0.464646 0.818627 0.0454545 0.95284
9 0.502451 0.624369 0.818627 0.0441919 0.95452
9 0.501634 0.340909 0.826797 0.0555556 0.965496
