7 0.222222 0.620581 0.264706 0.00883838 0.312251
3 0.437091 0.23548 0.697712 0.0164141 0.324254
3 0.222222 0.620581 0.264706 0.00883838 0.475165
9 0.331699 0.407197 0.480392 0.00883838 0.516694
3 0.451797 0.248737 0.710784 0.010101 0.693261
3 0.462418 0.266414 0.745098 0.010101 0.695173
4 0.304739 0.974747 0.527778 0.010101 0.759828
3 0.500817 0.428662 0.821895 0.0164141 0.781572
5 0.0710784 0.0239899 0.0539216 0.010101 0.784769
3 0.408497 0.231061 0.630719 0.010101 0.807102
7 0.254902 0.0896465 0.320261 0.010101 0.815105
4 0.945261 0.97601 0.0245098 0.010101 0.834267
5 0.550654 0.0252525 0.0522876 0.010101 0.852693
9 0.339052 0.388889 0.485294 0.00757576 0.854461
5 0.102941 0.0612374 0.101307 0.00883838 0.871312
3 0.190359 0.453914 0.20098 0.00883838 0.89998
9 0.501634 0.208333 0.816993 0.020202 0.915504
3 0.330065 0.405934 0.473856 0.00883838 0.923508
9 0.503268 0.47601 0.816993 0.020202 0.928241
7 0.194444 0.372475 0.202614 0.010101 0.935298
7 0.312091 0.508207 0.437909 0.0113636 0.936231
9 0.505719 0.293561 0.825163 0.0315657 0.940491
9 0.501634 0.588384 0.823529 0.0328283 0.949319
9 0.504902 0.333965 0.823529 0.0315657 0.94997
9 0.503268 0.150884 0.820261 0.0795455 0.957125
9 0.503268 0.542298 0.816993 0.0441919 0.967125
