9 0.500817 0.390783 0.818627 0.0340909 0.399972
9 0.496732 0.464015 0.803922 0.0113636 0.453802
7 0.66585 0.0890151 0.485294 0.0113636 0.503947
9 0.420752 0.510101 0.645425 0.010101 0.583479
4 0.303922 0.974747 0.526144 0.010101 0.638258
3 0.502451 0.433712 0.818627 0.0467172 0.705178
9 0.505719 0.433081 0.818627 0.0454545 0.715079
3 0.502451 0.390152 0.812092 0.0353535 0.73364
5 0.0710784 0.0246212 0.0539216 0.00883838 0.767875
4 0.941176 0.975379 0.0326797 0.0113636 0.781446
3 0.501634 0.563763 0.816993 0.0239899 0.799233
5 0.550654 0.0246212 0.0522876 0.00883838 0.820544
4 0.776961 0.590278 0.269608 0.00883838 0.844097
9 0.494281 0.486111 0.802288 0.0227273 0.860813
3 0.500817 0.53346 0.825163 0.0239899 0.881581
5 0.104575 0.0612374 0.101307 0.00883838 0.886091
8 0.501634 0.342803 0.80719 0.0568182 0.903727
9 0.5 0.230429 0.816993 0.0214646 0.916097
9 0.501634 0.275253 0.816993 0.0580808 0.955785
9 0.503268 0.162247 0.810458 0.102273 0.969785
