9 0.153595 0.258207 0.120915 0.00883838 0.285372
9 0.18219 0.339646 0.178105 0.010101 0.335662
8 0.493464 0.315657 0.813725 0.191919 0.355262
7 0.303922 0.0896465 0.424837 0.010101 0.602103
5 0.0710784 0.0246212 0.0539216 0.00883838 0.658545
5 0.103758 0.0612374 0.0996732 0.00883838 0.710386
4 0.304739 0.975379 0.527778 0.00883838 0.7188
7 0.176471 0.148359 0.166667 0.00883838 0.759001
4 0.941993 0.975379 0.0310458 0.0113636 0.768413
7 0.228758 0.601641 0.267974 0.00883838 0.771493
9 0.656863 0.26452 0.503268 0.0214646 0.785164
9 0.656863 0.304293 0.506536 0.0454545 0.829989
5 0.550654 0.0252525 0.0522876 0.00757576 0.8518
9 0.656863 0.222854 0.503268 0.0441919 0.855149
9 0.656863 0.380051 0.509804 0.0909091 0.862452
9 0.500817 0.121843 0.818627 0.0214646 0.930394
9 0.498366 0.176768 0.810458 0.0328283 0.9435
9 0.502451 0.55745 0.818627 0.0568182 0.951687
9 0.504085 0.476641 0.821895 0.0896465 0.958477
