7 0.227124 0.599747 0.267974 0.010101 0.666437
4 0.303922 0.975379 0.526144 0.00883838 0.727098
7 0.245915 0.0896465 0.302288 0.010101 0.77147
5 0.0710784 0.0246212 0.0539216 0.00883838 0.787838
4 0.941176 0.975379 0.0294118 0.0113636 0.794822
5 0.550654 0.0252525 0.0522876 0.010101 0.856737
5 0.102941 0.0612374 0.101307 0.00883838 0.877834
7 0.500817 0.116793 0.194444 0.0113636 0.88961
9 0.501634 0.566919 0.816993 0.0328283 0.948302
9 0.499183 0.151515 0.818627 0.0454545 0.950587
9 0.5 0.447601 0.820261 0.0441919 0.954075
9 0.500817 0.305556 0.821895 0.123737 0.956158
9 0.500817 0.397096 0.815359 0.0441919 0.957274
9 0.502451 0.208333 0.815359 0.0555556 0.958636
9 0.501634 0.510101 0.820261 0.0656566 0.959929
