0 0.117647 0.254419 0.0490196 0.0113636 0.252427
9 0.118464 0.255051 0.0473856 0.010101 0.324581
3 0.124183 0.38952 0.0653595 0.0113636 0.451662
7 0.134804 0.308712 0.0866013 0.0113636 0.523493
4 0.304739 0.975379 0.52451 0.00883838 0.66114
7 0.737745 0.0890151 0.341503 0.0113636 0.688015
3 0.166667 0.406566 0.143791 0.0227273 0.697242
5 0.0710784 0.0246212 0.0539216 0.00883838 0.720354
4 0.941176 0.97601 0.0326797 0.010101 0.731551
0 0.139706 0.232323 0.0898693 0.010101 0.751852
9 0.144608 0.282197 0.0996732 0.0214646 0.75249
3 0.154412 0.367424 0.116013 0.0328283 0.76353
5 0.104575 0.0612374 0.101307 0.00883838 0.798179
5 0.550654 0.0246212 0.0522876 0.00883838 0.83259
3 0.164216 0.332702 0.138889 0.0340909 0.852285
4 0.776144 0.44697 0.267974 0.010101 0.855176
7 0.446078 0.116162 0.375817 0.010101 0.893454
9 0.583333 0.344697 0.653595 0.14899 0.967267
9 0.58415 0.195076 0.651961 0.125 0.96884
