7 0.351307 0.0890151 0.513072 0.0113636 0.633282
4 0.303922 0.975379 0.526144 0.00883838 0.718606
9 0.385621 0.36048 0.562092 0.00883838 0.743831
5 0.0710784 0.0239899 0.0539216 0.010101 0.757157
5 0.550654 0.0246212 0.0522876 0.00883838 0.775011
4 0.941993 0.97601 0.0310458 0.010101 0.807037
4 0.226307 0.611742 0.26634 0.00883838 0.825352
5 0.102941 0.0612374 0.101307 0.00883838 0.875895
7 0.178922 0.482323 0.171569 0.010101 0.889622
9 0.499183 0.121843 0.821895 0.0239899 0.893772
9 0.502451 0.539141 0.825163 0.0909091 0.940381
8 0.498366 0.249369 0.820261 0.205808 0.942139
9 0.502451 0.420455 0.818627 0.0909091 0.960428
