3 0.70915 0.616793 0.392157 0.0239899 0.258549
3 0.708333 0.691288 0.383987 0.0340909 0.29048
3 0.710784 0.55303 0.388889 0.0353535 0.317236
6 0.465686 0.135732 0.781046 0.107323 0.317744
8 0.713235 0.600379 0.387255 0.248737 0.326031
7 0.502451 0.171717 0.285948 0.0176768 0.541236
8 0.513072 0.608586 0.833333 0.242424 0.541674
4 0.305556 0.975379 0.522876 0.00883838 0.642887
5 0.0710784 0.0246212 0.0539216 0.00883838 0.700315
4 0.941176 0.975379 0.0294118 0.00883838 0.76368
5 0.104575 0.0612374 0.101307 0.00883838 0.768499
8 0.285948 0.612374 0.388889 0.242424 0.782784
4 0.227124 0.762626 0.267974 0.010101 0.810128
5 0.551471 0.0252525 0.0506536 0.010101 0.817128
7 0.128268 0.333965 0.0735294 0.0113636 0.858667
9 0.313726 0.471591 0.444444 0.00883838 0.862388
7 0.500817 0.221591 0.302288 0.0113636 0.874616
9 0.5 0.273359 0.823529 0.0795455 0.968288
9 0.503268 0.40404 0.820261 0.113636 0.968674
