7 0.154412 0.232323 0.122549 0.010101 0.260157
9 0.11683 0.254419 0.0473856 0.0113636 0.272423
7 0.117647 0.254419 0.0457516 0.0113636 0.346774
7 0.134804 0.308081 0.0833333 0.010101 0.393789
0 0.155229 0.232323 0.117647 0.010101 0.570595
5 0.102124 0.0612374 0.0996732 0.00883838 0.652902
4 0.304739 0.975379 0.52451 0.00883838 0.683161
3 0.156046 0.332071 0.125817 0.010101 0.698794
5 0.0710784 0.0246212 0.0539216 0.00883838 0.703234
3 0.130719 0.308081 0.0718954 0.010101 0.713209
7 0.264706 0.0896465 0.343137 0.010101 0.71731
4 0.941993 0.97601 0.0310458 0.010101 0.796923
3 0.162582 0.349116 0.138889 0.0214646 0.81931
9 0.147059 0.281566 0.104575 0.020202 0.820423
5 0.551471 0.0246212 0.0506536 0.00883838 0.827851
4 0.22549 0.470328 0.267974 0.00883838 0.883497
7 0.497549 0.116162 0.472222 0.00757576 0.891329
9 0.585784 0.402146 0.651961 0.0795455 0.961853
9 0.584967 0.241793 0.656863 0.218434 0.967359
