8 0.511438 0.683081 0.781046 0.0656566 0.289942
4 0.507353 0.390152 0.279412 0.010101 0.302485
7 0.513889 0.126894 0.187909 0.0138889 0.308736
9 0.514706 0.21149 0.22549 0.0113636 0.312705
9 0.513072 0.292298 0.163399 0.0113636 0.336801
9 0.514706 0.150253 0.601307 0.010101 0.348777
3 0.211601 0.697601 0.168301 0.00883838 0.351614
3 0.362745 0.863005 0.330065 0.00883838 0.358218
9 0.515523 0.162247 0.570261 0.0113636 0.399615
7 0.513072 0.21149 0.22549 0.0113636 0.419411
9 0.357026 0.585859 0.488562 0.00757576 0.47884
3 0.485294 0.838384 0.732026 0.020202 0.514016
5 0.502451 0.546717 0.426471 0.010101 0.526043
10 0.513072 0.127525 0.176471 0.0151515 0.542137
9 0.513889 0.155303 0.606209 0.0252525 0.547424
8 0.299837 0.681818 0.351307 0.0656566 0.552869
5 0.103758 0.0618687 0.102941 0.010101 0.579149
9 0.302288 0.81755 0.369281 0.00883838 0.583559
5 0.0710784 0.0246212 0.0539216 0.00883838 0.614775
3 0.30719 0.727904 0.375817 0.00883838 0.636544
9 0.514706 0.236742 0.130719 0.0239899 0.646821
3 0.425654 0.782828 0.619281 0.010101 0.646956
9 0.501634 0.0890151 0.20915 0.0113636 0.673303
9 0.486928 0.838384 0.738562 0.020202 0.680744
9 0.501634 0.568182 0.787582 0.0176768 0.694452
9 0.496732 0.879419 0.362745 0.00883838 0.708076
4 0.303105 0.975379 0.517974 0.00883838 0.741239
5 0.550654 0.0246212 0.0522876 0.00883838 0.744817
3 0.336601 0.747475 0.434641 0.00757576 0.752843
9 0.511438 0.27399 0.379085 0.0479798 0.780601
3 0.177288 0.603535 0.135621 0.00757576 0.788915
4 0.941176 0.975379 0.0294118 0.0113636 0.79189
7 0.513889 0.189394 0.256536 0.0126263 0.823948
9 0.490196 0.625 0.745098 0.020202 0.837002
9 0.490196 0.355429 0.686275 0.0239899 0.916993
9 0.508987 0.324495 0.720588 0.0227273 0.92914
