3 0.222222 0.609217 0.261438 0.0113636 0.353429
7 0.223856 0.609848 0.264706 0.010101 0.374875
9 0.254085 0.0883838 0.331699 0.010101 0.553285
5 0.0710784 0.0239899 0.0539216 0.010101 0.758071
4 0.304739 0.975379 0.527778 0.00883838 0.769992
4 0.941176 0.97601 0.0294118 0.010101 0.801966
5 0.551471 0.0252525 0.0506536 0.010101 0.821997
5 0.102941 0.0612374 0.101307 0.00883838 0.863198
7 0.290033 0.116162 0.397059 0.0126263 0.880995
7 0.46732 0.52399 0.75817 0.0126263 0.885402
7 0.482026 0.322601 0.784314 0.0265152 0.897282
9 0.501634 0.151515 0.810458 0.0454545 0.948118
9 0.503268 0.42298 0.820261 0.161616 0.96609
9 0.502451 0.564394 0.825163 0.0555556 0.968134
9 0.504085 0.237374 0.825163 0.113636 0.9718
