4 0.304739 0.975379 0.527778 0.00883838 0.662796
5 0.0710784 0.0246212 0.0539216 0.00883838 0.741419
3 0.503268 0.525253 0.816993 0.161616 0.754346
7 0.501634 0.183081 0.183007 0.00757576 0.776337
4 0.941993 0.97601 0.0310458 0.010101 0.793415
5 0.753268 0.0890151 0.30719 0.00883838 0.801968
5 0.550654 0.0252525 0.0522876 0.00757576 0.862031
7 0.502451 0.116793 0.161765 0.0113636 0.886554
5 0.104575 0.0612374 0.101307 0.00883838 0.886679
4 0.775327 0.623737 0.269608 0.010101 0.88849
8 0.500817 0.316919 0.815359 0.255051 0.938712
9 0.501634 0.146465 0.810458 0.0328283 0.957318
