9 0.75817 0.424242 0.173203 0.106061 0.258992
8 0.59232 0.424874 0.348039 0.0896465 0.319501
9 0.517157 0.426768 0.174837 0.0808081 0.432285
4 0.226307 0.493687 0.26634 0.010101 0.47746
7 0.500817 0.356061 0.145425 0.010101 0.589001
9 0.256536 0.426768 0.179739 0.0555556 0.619228
4 0.305556 0.975379 0.526144 0.00883838 0.663487
7 0.303922 0.0896465 0.418301 0.010101 0.707264
5 0.0710784 0.0246212 0.0539216 0.00883838 0.757776
5 0.102941 0.0612374 0.0980392 0.00883838 0.804086
4 0.941176 0.97601 0.0294118 0.010101 0.820795
5 0.550654 0.0246212 0.0522876 0.00883838 0.833166
9 0.502451 0.133207 0.815359 0.0441919 0.950271
9 0.504085 0.287247 0.818627 0.102273 0.961551
9 0.501634 0.195707 0.816993 0.0656566 0.966687
