5 0.73366 0.0890151 0.352941 0.0113636 0.398804
3 0.413399 0.541035 0.617647 0.0113636 0.42935
7 0.732843 0.0890151 0.351307 0.0113636 0.45065
9 0.418301 0.541035 0.627451 0.0113636 0.512293
3 0.500817 0.25947 0.815359 0.0239899 0.574458
9 0.502451 0.25947 0.808824 0.0239899 0.610123
4 0.303922 0.975379 0.526144 0.00883838 0.64561
4 0.941176 0.97601 0.0326797 0.010101 0.721771
5 0.0710784 0.0239899 0.0539216 0.010101 0.770092
5 0.550654 0.0252525 0.0522876 0.00757576 0.828103
3 0.501634 0.566288 0.820261 0.0340909 0.834343
4 0.776144 0.599747 0.267974 0.010101 0.862534
9 0.517157 0.521465 0.805556 0.0227273 0.884158
5 0.103758 0.0612374 0.102941 0.00883838 0.889229
9 0.520425 0.438131 0.792484 0.136364 0.922617
3 0.505719 0.319444 0.815359 0.0934343 0.92419
9 0.512255 0.121212 0.789216 0.0227273 0.937888
8 0.514706 0.188131 0.784314 0.10101 0.93841
