8 0.496732 0.0883838 0.843137 0.0151515 0.28344
7 0.696895 0.0890151 0.429739 0.0113636 0.552483
4 0.304739 0.975379 0.527778 0.00883838 0.745201
5 0.0710784 0.0239899 0.0539216 0.010101 0.758833
4 0.941993 0.975379 0.0310458 0.0113636 0.77662
7 0.286765 0.480429 0.387255 0.0113636 0.797559
9 0.622549 0.234848 0.238562 0.113636 0.821853
4 0.775327 0.650253 0.26634 0.010101 0.854139
5 0.550654 0.0246212 0.0522876 0.00883838 0.862845
7 0.253268 0.462121 0.323529 0.0126263 0.865933
7 0.287582 0.349747 0.392157 0.0126263 0.871585
5 0.103758 0.0612374 0.102941 0.00883838 0.892285
9 0.503268 0.316919 0.813725 0.0227273 0.921556
9 0.504902 0.525253 0.820261 0.0681818 0.954384
9 0.501634 0.599747 0.816993 0.0681818 0.960506
9 0.501634 0.138889 0.80719 0.0555556 0.963037
9 0.504085 0.402146 0.818627 0.0795455 0.964186
