9 0.0702614 0.0252525 0.0555556 0.010101 0.250095
4 0.551471 0.0252525 0.0506536 0.010101 0.283212
9 0.68219 0.188131 0.0179739 0.010101 0.284608
9 0.504085 0.544192 0.161765 0.010101 0.332343
4 0.304739 0.975379 0.521242 0.00883838 0.416044
9 0.460784 0.301768 0.506536 0.0252525 0.446717
5 0.304739 0.975379 0.521242 0.00883838 0.451356
4 0.103758 0.0618687 0.0996732 0.010101 0.67006
3 0.385621 0.388889 0.382353 0.0126263 0.715697
3 0.40768 0.335227 0.426471 0.0138889 0.790698
4 0.941993 0.97601 0.0310458 0.010101 0.793378
3 0.396242 0.248737 0.410131 0.0277778 0.802573
3 0.351307 0.213384 0.326797 0.0126263 0.827151
9 0.477941 0.481692 0.586601 0.0391414 0.922562
