6 0.531863 0.13447 0.769608 0.0997475 0.455904
6 0.163399 0.559343 0.0392157 0.030303 0.467858
4 0.304739 0.975379 0.52451 0.00883838 0.640734
5 0.0710784 0.0246212 0.0539216 0.00883838 0.703809
7 0.503268 0.171717 0.630719 0.0176768 0.717105
4 0.941993 0.97601 0.0310458 0.010101 0.771289
5 0.551471 0.0246212 0.0506536 0.00883838 0.772938
5 0.103758 0.0612374 0.0996732 0.00883838 0.829743
4 0.775327 0.613636 0.269608 0.010101 0.891314
3 0.505719 0.568182 0.743464 0.0555556 0.903772
9 0.501634 0.471591 0.823529 0.0340909 0.935481
9 0.501634 0.511364 0.826797 0.0353535 0.939225
9 0.504085 0.386995 0.831699 0.125 0.951152
9 0.502451 0.265783 0.825163 0.102273 0.954144
